0.386 0.024 0.1
0.39 -0.024 0.1
0.39 0.0 0.15
0.39 -0.024 0.1
0.35 -0.017 0.1
0.35 -0.017 0.15
0.346 0.026 0.15
0.346 0.026 0.1
0.35 -0.02 0.1
0.35 -0.02 0.15
0.32 0.025 0.15 
0.32 0.025 0.1
0.28 0.02 0.1
0.28 0.02 0.15
0.315 0.025 0.15
0.315 0.025 0.1
0.32 -0.025 0.1
0.285 -0.02 0.1
0.285 -0.02 0.15
0.282 0.02 0.15
0.282 0.02 0.1
0.285 -0.022 0.1
0.285 -0.022 0.15
0.245 -0.028 0.15
0.245 -0.028 0.1
0.24 0.028 0.1
0.24 0.028 0.15
0.265 0.0 0.15
0.265 0.0 0.1
0.245 0.0 0.1
0.235 0.002 0.1
0.225 0.003 0.1
0.215 0.005 0.1
0.205 0.007 0.1
0.197 0.010 0.1
0.195 0.011 0.1
0.195 0.01 0.15
