0.30 0.00 0.15
0.30 0.00 0.10
0.27 0.00 0.10
0.27 0.00 0.10
0.27 0.00 0.15
0.27 0.07 0.15
0.27 0.07 0.10
0.25 0.07 0.10
0.25 0.07 0.15
0.27 0.07 0.15
0.27 0.07 0.10
0.27 -0.07 0.10
0.25 -0.07 0.10
0.25 -0.07 0.15
0.24 0.005 0.15
0.24 0.005 0.10
0.23 -0.005 0.1
0.23 -0.005 0.15
0.24 -0.04 0.15
0.24 -0.04 0.1
0.20 0.04 0.10
0.20 0.04 0.15
0.24 0.04 0.15
0.24 0.04 0.1
0.20 -0.04 0.1
0.20 -0.04 0.15
0.22 0.045 0.15
0.22 0.045 0.1
0.21 0.0445 0.1
0.21 0.0445 0.15
0.22 -0.045 0.15
0.22 -0.045 0.1
0.21 -0.055 0.1
0.21 -0.055 0.15
0.20 0.00 0.15
0.20 0.00 0.1
0.15 0.00 0.1
0.15 0.00 0.15
0.18 0.04 0.15
0.18 0.04 0.1
0.15 0.04 0.1
0.15 -0.04 0.1
0.15 -0.04 0.15
0.19 -0.04 0.15
0.19 -0.04 0.1
0.15 -0.04 0.1
0.15 -0.04 0.15
